{
  "scene": {
    "name": "Scene",
    "frame_start": 1,
    "frame_end": 250,
    "fps": 24,
    "fps_base": 1.0,
    "resolution_x": 1920,
    "resolution_y": 1080,
    "pixel_aspect_x": 1.0,
    "pixel_aspect_y": 1.0,
    "unit_system": "METRIC"
  },
  "objects_summary": [
    {
      "name": "Camera",
      "type": "CAMERA"
    },
    {
      "name": "Human",
      "type": "MESH"
    },
    {
      "name": "Human.eyebrow001",
      "type": "MESH"
    },
    {
      "name": "Human.eyelashes01",
      "type": "MESH"
    },
    {
      "name": "Human.high-poly",
      "type": "MESH"
    },
    {
      "name": "Human.male_casualsuit01",
      "type": "MESH"
    },
    {
      "name": "Human.rig",
      "type": "ARMATURE"
    },
    {
      "name": "Human.rig..bone_shape_arrow",
      "type": "EMPTY"
    },
    {
      "name": "Human.rig..bone_shape_arrow.001",
      "type": "EMPTY"
    },
    {
      "name": "Human.rig..bone_shape_circle",
      "type": "EMPTY"
    },
    {
      "name": "Human.rig..bone_shape_circle.001",
      "type": "EMPTY"
    },
    {
      "name": "Human.rig..bone_shape_sphere",
      "type": "EMPTY"
    },
    {
      "name": "Human.rig..bone_shape_sphere.001",
      "type": "EMPTY"
    },
    {
      "name": "Human.shoes05",
      "type": "MESH"
    },
    {
      "name": "Human.short02",
      "type": "MESH"
    },
    {
      "name": "Human.teeth_base",
      "type": "MESH"
    },
    {
      "name": "Human.tongue01",
      "type": "MESH"
    },
    {
      "name": "Light",
      "type": "LIGHT"
    }
  ],
  "armatures": [
    {
      "object_name": "Human.rig",
      "armature_name": "Human.rig",
      "bones": [
        {
          "name": "root",
          "use_connect": false,
          "parent": null,
          "children": [
            "pelvis.L",
            "pelvis.R",
            "spine05"
          ],
          "head_local": [
            0.0,
            0.06480174511671066,
            0.9277160167694092
          ],
          "tail_local": [
            0.0,
            -0.006825458258390427,
            0.9382678270339966
          ],
          "roll": 0.0,
          "matrix_local": [
            [
              1.0,
              0.0,
              -0.0,
              0.0
            ],
            [
              -0.0,
              -0.9893225431442261,
              -0.145742729306221,
              0.06480174511671066
            ],
            [
              0.0,
              0.145742729306221,
              -0.9893261194229126,
              0.9277160167694092
            ],
            [
              0.0,
              0.0,
              0.0,
              1.0
            ]
          ]
        },
        {
          "name": "pelvis.L",
          "use_connect": false,
          "parent": "root",
          "children": [
            "upperleg01.L"
          ],
          "head_local": [
            0.0,
            -0.006825458258390427,
            0.9382678270339966
          ],
          "tail_local": [
            0.10977090895175934,
            0.0036719755735248327,
            0.9326155781745911
          ],
          "roll": 0.0,
          "matrix_local": [
            [
              -0.10559557378292084,
              0.9941534399986267,
              -0.022550588473677635,
              0.0
            ],
            [
              0.955039918422699,
              0.09507127106189728,
              -0.280820369720459,
              -0.006825454533100128
            ],
            [
              -0.277035117149353,
              -0.05119026452302933,
              -0.959498941898346,
              0.9382678270339966
            ],
            [
              0.0,
              0.0,
              0.0,
              1.0
            ]
          ]
        },
        {
          "name": "upperleg01.L",
          "use_connect": false,
          "parent": "pelvis.L",
          "children": [
            "upperleg02.L"
          ],
          "head_local": [
            0.10977090895175934,
            0.0036719755735248327,
            0.9326155781745911
          ],
          "tail_local": [
            0.12309195101261139,
            -0.021759387105703354,
            0.8457972407341003
          ],
          "roll": 0.0,
          "matrix_local": [
            [
              0.9672978520393372,
              0.14567811787128448,
              0.20763634145259857,
              0.10977091640233994
            ],
            [
              -0.16137157380580902,
              -0.278115838766098,
              0.9468953609466553,
              0.003671979531645775
            ],
            [
              0.19568946957588196,
              -0.9494399428367615,
              -0.24551287293434143,
              0.9326155781745911
            ],
            [
              0.0,
              0.0,
              0.0,
              1.0
            ]
          ]
        },
        {
          "name": "upperleg02.L",
          "use_connect": false,
          "parent": "upperleg01.L",
          "children": [
            "lowerleg01.L"
          ],
          "head_local": [
            0.12309195101261139,
            -0.021759387105703354,
            0.8457972407341003
          ],
          "tail_local": [
            0.1525822877883911,
            -0.030762529000639915,
            0.5065963864326477
          ],
          "roll": 0.0,
          "matrix_local": [
            [
              0.9956527948379517,
              0.08658395707607269,
              -0.0343351811170578,
              0.12309195846319199
            ],
            [
              0.03674854338169098,
              -0.026433274149894714,
              0.9989749193191528,
              -0.021759387105703354
            ],
            [
              0.08558790385723114,
              -0.9958974719047546,
              -0.029499739408493042,
              0.8457972407341003
            ],
            [
              0.0,
              0.0,
              0.0,
              1.0
            ]
          ]
        },
        {
          "name": "lowerleg01.L",
          "use_connect": false,
          "parent": "upperleg02.L",
          "children": [
            "lowerleg02.L"
          ],
          "head_local": [
            0.1525822877883911,
            -0.030762529000639915,
            0.5065963864326477
          ],
          "tail_local": [
            0.17679600417613983,
            -0.024690594524145126,
            0.29496195912361145
          ],
          "roll": 0.0,
          "matrix_local": [
            [
              0.993352472782135,
              0.11362561583518982,
              0.01844451203942299,
              0.1525822877883911
            ],
            [
              -0.021815109997987747,
              0.028493236750364304,
              0.9993559122085571,
              -0.030762512236833572
            ],
            [
              0.11302724480628967,
              -0.9931185245513916,
              0.03078325092792511,
              0.5065963864326477
            ],
            [
              0.0,
              0.0,
              0.0,
              1.0
            ]
          ]
        },
        {
          "name": "lowerleg02.L",
          "use_connect": false,
          "parent": "lowerleg01.L",
          "children": [
            "foot.L"
          ],
          "head_local": [
            0.17679600417613983,
            -0.024690594524145126,
            0.29496195912361145
          ],
          "tail_local": [
            0.1965855211019516,
            -0.018720772117376328,
            0.07229024171829224
          ],
          "roll": 0.0,
          "matrix_local": [
            [
              0.9960598945617676,
              0.08849291503429413,
              -0.005801178514957428,
              0.17679600417613983
            ],
            [
              0.003450430929660797,
              0.026695294305682182,
              0.9996376037597656,
              -0.024690579622983932
            ],
            [
              0.08861599117517471,
              -0.9957226514816284,
              0.026285424828529358,
              0.29496198892593384
            ],
            [
              0.0,
              0.0,
              0.0,
              1.0
            ]
          ]
        },
        {
          "name": "foot.L",
          "use_connect": false,
          "parent": "lowerleg02.L",
          "children": [
            "toe1-1.L"
          ],
          "head_local": [
            0.1965855211019516,
            -0.018720772117376328,
            0.07229024171829224
          ],
          "tail_local": [
            0.1993505358695984,
            -0.14646650850772858,
            0.008274374529719353
          ],
          "roll": 0.0,
          "matrix_local": [
            [
              0.9997983574867249,
              0.019347306340932846,
              -0.005382518749684095,
              0.1965855211019516
            ],
            [
              0.01970876008272171,
              -0.8938599824905396,
              0.44791269302368164,
              -0.018720757216215134
            ],
            [
              0.0038546589203178883,
              -0.44793057441711426,
              -0.8940640687942505,
              0.07229024171829224
            ],
            [
              0.0,
              0.0,
              0.0,
              1.0
            ]
          ]
        },
        {
          "name": "toe1-1.L",
          "use_connect": false,
          "parent": "foot.L",
          "children": [],
          "head_local": [
            0.1993505358695984,
            -0.14646650850772858,
            0.008274374529719353
          ],
          "tail_local": [
            0.19887994229793549,
            -0.22979338467121124,
            0.013091310858726501
          ],
          "roll": 0.0,
          "matrix_local": [
            [
              0.6309056282043457,
              -0.005638019181787968,
              0.77583909034729,
              0.1993505358695984
            ],
            [
              0.041224509477615356,
              -0.998317301273346,
              -0.040778085589408875,
              -0.14646649360656738
            ],
            [
              0.7747663259506226,
              0.0577104389667511,
              -0.629613995552063,
              0.008274376392364502
            ],
            [
              0.0,
              0.0,
              0.0,
              1.0
            ]
          ]
        },
        {
          "name": "pelvis.R",
          "use_connect": false,
          "parent": "root",
          "children": [
            "upperleg01.R"
          ],
          "head_local": [
            0.0,
            -0.006825458258390427,
            0.9382678270339966
          ],
          "tail_local": [
            -0.10977090895175934,
            0.0036719755735248327,
            0.9326155781745911
          ],
          "roll": 0.0,
          "matrix_local": [
            [
              -0.10559557378292084,
              -0.9941534399986267,
              0.022550588473677635,
              0.0
            ],
            [
              -0.955039918422699,
              0.09507127106189728,
              -0.280820369720459,
              -0.006825454533100128
            ],
            [
              0.277035117149353,
              -0.05119026452302933,
              -0.959498941898346,
              0.9382678270339966
            ],
            [
              0.0,
              0.0,
              0.0,
              1.0
            ]
          ]
        },
        {
          "name": "upperleg01.R",
          "use_connect": false,
          "parent": "pelvis.R",
          "children": [
            "upperleg02.R"
          ],
          "head_local": [
            -0.10977090895175934,
            0.0036719755735248327,
            0.9326155781745911
          ],
          "tail_local": [
            -0.12309195101261139,
            -0.021759387105703354,
            0.8457972407341003
          ],
          "roll": 0.0,
          "matrix_local": [
            [
              0.9672978520393372,
              -0.14567811787128448,
              -0.20763634145259857,
              -0.10977091640233994
            ],
            [
              0.16137157380580902,
              -0.278115838766098,
              0.9468953609466553,
              0.003671979531645775
            ],
            [
              -0.19568946957588196,
              -0.9494399428367615,
              -0.24551287293434143,
              0.9326155781745911
            ],
            [
              0.0,
              0.0,
              0.0,
              1.0
            ]
          ]
        },
        {
          "name": "upperleg02.R",
          "use_connect": false,
          "parent": "upperleg01.R",
          "children": [
            "lowerleg01.R"
          ],
          "head_local": [
            -0.12309195101261139,
            -0.021759387105703354,
            0.8457972407341003
          ],
          "tail_local": [
            -0.1525822877883911,
            -0.030762529000639915,
            0.5065963864326477
          ],
          "roll": 0.0,
          "matrix_local": [
            [
              0.9956527948379517,
              -0.08658395707607269,
              0.0343351811170578,
              -0.12309195846319199
            ],
            [
              -0.03674854338169098,
              -0.026433274149894714,
              0.9989749193191528,
              -0.021759387105703354
            ],
            [
              -0.08558790385723114,
              -0.9958974719047546,
              -0.029499739408493042,
              0.8457972407341003
            ],
            [
              0.0,
              0.0,
              0.0,
              1.0
            ]
          ]
        },
        {
          "name": "lowerleg01.R",
          "use_connect": false,
          "parent": "upperleg02.R",
          "children": [
            "lowerleg02.R"
          ],
          "head_local": [
            -0.1525822877883911,
            -0.030762529000639915,
            0.5065963864326477
          ],
          "tail_local": [
            -0.17679600417613983,
            -0.024690594524145126,
            0.29496195912361145
          ],
          "roll": 0.0,
          "matrix_local": [
            [
              0.993352472782135,
              -0.11362561583518982,
              -0.01844451203942299,
              -0.1525822877883911
            ],
            [
              0.021815109997987747,
              0.028493236750364304,
              0.9993559122085571,
              -0.030762512236833572
            ],
            [
              -0.11302724480628967,
              -0.9931185245513916,
              0.03078325092792511,
              0.5065963864326477
            ],
            [
              0.0,
              0.0,
              0.0,
              1.0
            ]
          ]
        },
        {
          "name": "lowerleg02.R",
          "use_connect": false,
          "parent": "lowerleg01.R",
          "children": [
            "foot.R"
          ],
          "head_local": [
            -0.17679600417613983,
            -0.024690594524145126,
            0.29496195912361145
          ],
          "tail_local": [
            -0.1965855211019516,
            -0.018720772117376328,
            0.07229024171829224
          ],
          "roll": 0.0,
          "matrix_local": [
            [
              0.9960598945617676,
              -0.08849291503429413,
              0.005801178514957428,
              -0.17679600417613983
            ],
            [
              -0.003450430929660797,
              0.026695294305682182,
              0.9996376037597656,
              -0.024690579622983932
            ],
            [
              -0.08861599117517471,
              -0.9957226514816284,
              0.026285424828529358,
              0.29496198892593384
            ],
            [
              0.0,
              0.0,
              0.0,
              1.0
            ]
          ]
        },
        {
          "name": "foot.R",
          "use_connect": false,
          "parent": "lowerleg02.R",
          "children": [
            "toe1-1.R"
          ],
          "head_local": [
            -0.1965855211019516,
            -0.018720772117376328,
            0.07229024171829224
          ],
          "tail_local": [
            -0.1993505358695984,
            -0.14646650850772858,
            0.008274374529719353
          ],
          "roll": 0.0,
          "matrix_local": [
            [
              0.9997983574867249,
              -0.019347306340932846,
              0.005382518749684095,
              -0.1965855211019516
            ],
            [
              -0.01970876008272171,
              -0.8938599824905396,
              0.44791269302368164,
              -0.018720757216215134
            ],
            [
              -0.0038546589203178883,
              -0.44793057441711426,
              -0.8940640687942505,
              0.07229024171829224
            ],
            [
              0.0,
              0.0,
              0.0,
              1.0
            ]
          ]
        },
        {
          "name": "toe1-1.R",
          "use_connect": false,
          "parent": "foot.R",
          "children": [],
          "head_local": [
            -0.1993505358695984,
            -0.14646650850772858,
            0.008274374529719353
          ],
          "tail_local": [
            -0.19887994229793549,
            -0.22979338467121124,
            0.013091310858726501
          ],
          "roll": 0.0,
          "matrix_local": [
            [
              0.6309056282043457,
              0.005638019181787968,
              -0.77583909034729,
              -0.1993505358695984
            ],
            [
              -0.041224509477615356,
              -0.998317301273346,
              -0.040778085589408875,
              -0.14646649360656738
            ],
            [
              -0.7747663259506226,
              0.0577104389667511,
              -0.629613995552063,
              0.008274376392364502
            ],
            [
              0.0,
              0.0,
              0.0,
              1.0
            ]
          ]
        },
        {
          "name": "spine05",
          "use_connect": false,
          "parent": "root",
          "children": [
            "spine04"
          ],
          "head_local": [
            0.0,
            -0.006825458258390427,
            0.9382678270339966
          ],
          "tail_local": [
            0.0,
            0.025171151384711266,
            1.0256829261779785
          ],
          "roll": 0.0,
          "matrix_local": [
            [
              1.0,
              0.0,
              0.0,
              0.0
            ],
            [
              0.0,
              0.34372925758361816,
              -0.9390687942504883,
              -0.006825454533100128
            ],
            [
              0.0,
              0.93907231092453,
              0.34372997283935547,
              0.9382678270339966
            ],
            [
              0.0,
              0.0,
              0.0,
              1.0
            ]
          ]
        },
        {
          "name": "spine04",
          "use_connect": false,
          "parent": "spine05",
          "children": [
            "spine03"
          ],
          "head_local": [
            0.0,
            0.025171151384711266,
            1.0256829261779785
          ],
          "tail_local": [
            0.0,
            0.015568905510008335,
            1.0962375402450562
          ],
          "roll": 0.0,
          "matrix_local": [
            [
              1.0,
              0.0,
              0.0,
              0.0
            ],
            [
              0.0,
              -0.1348540186882019,
              -0.9908654689788818,
              0.025171153247356415
            ],
            [
              0.0,
              0.9908689260482788,
              -0.1348550021648407,
              1.0256829261779785
            ],
            [
              0.0,
              0.0,
              0.0,
              1.0
            ]
          ]
        },
        {
          "name": "spine03",
          "use_connect": false,
          "parent": "spine04",
          "children": [
            "spine02"
          ],
          "head_local": [
            0.0,
            0.015568905510008335,
            1.0962375402450562
          ],
          "tail_local": [
            0.0,
            0.0236887875944376,
            1.1578729152679443
          ],
          "roll": 0.0,
          "matrix_local": [
            [
              1.0,
              0.0,
              0.0,
              0.0
            ],
            [
              0.0,
              0.1306125372648239,
              -0.9914334416389465,
              0.015568900853395462
            ],
            [
              0.0,
              0.9914370179176331,
              0.13061249256134033,
              1.0962375402450562
            ],
            [
              0.0,
              0.0,
              0.0,
              1.0
            ]
          ]
        },
        {
          "name": "spine02",
          "use_connect": false,
          "parent": "spine03",
          "children": [
            "breast.L",
            "breast.R",
            "spine01"
          ],
          "head_local": [
            0.0,
            0.0236887875944376,
            1.1578729152679443
          ],
          "tail_local": [
            0.0,
            0.0459161177277565,
            1.295516848564148
          ],
          "roll": 0.0,
          "matrix_local": [
            [
              1.0,
              0.0,
              0.0,
              0.0
            ],
            [
              0.0,
              0.15941959619522095,
              -0.9872108697891235,
              0.02368878200650215
            ],
            [
              0.0,
              0.9872144460678101,
              0.15941965579986572,
              1.1578729152679443
            ],
            [
              0.0,
              0.0,
              0.0,
              1.0
            ]
          ]
        },
        {
          "name": "breast.L",
          "use_connect": false,
          "parent": "spine02",
          "children": [],
          "head_local": [
            0.0,
            0.0459161177277565,
            1.295516848564148
          ],
          "tail_local": [
            0.10181630402803421,
            -0.14847542345523834,
            1.2818773984909058
          ],
          "roll": 0.0,
          "matrix_local": [
            [
              -0.8618751764297485,
              0.46308526396751404,
              -0.20669543743133545,
              0.0
            ],
            [
              -0.43288952112197876,
              -0.8841399550437927,
              -0.17579258978366852,
              0.0459161102771759
            ],
            [
              -0.26415586471557617,
              -0.06203553080558777,
              0.9624864459037781,
              1.295516848564148
            ],
            [
              0.0,
              0.0,
              0.0,
              1.0
            ]
          ]
        },
        {
          "name": "breast.R",
          "use_connect": false,
          "parent": "spine02",
          "children": [],
          "head_local": [
            0.0,
            0.0459161177277565,
            1.295516848564148
          ],
          "tail_local": [
            -0.10181630402803421,
            -0.14847542345523834,
            1.2818773984909058
          ],
          "roll": 0.0,
          "matrix_local": [
            [
              -0.8618751764297485,
              -0.46308526396751404,
              0.20669543743133545,
              0.0
            ],
            [
              0.43288952112197876,
              -0.8841399550437927,
              -0.17579258978366852,
              0.0459161102771759
            ],
            [
              0.26415586471557617,
              -0.06203553080558777,
              0.9624864459037781,
              1.295516848564148
            ],
            [
              0.0,
              0.0,
              0.0,
              1.0
            ]
          ]
        },
        {
          "name": "spine01",
          "use_connect": false,
          "parent": "spine02",
          "children": [
            "clavicle.L",
            "clavicle.R",
            "neck01",
            "left_hand_ik",
            "left_elbow_ik",
            "left_shoulder_ik",
            "right_hand_ik",
            "right_elbow_ik",
            "right_shoulder_ik"
          ],
          "head_local": [
            0.0,
            0.0459161177277565,
            1.295516848564148
          ],
          "tail_local": [
            0.0,
            -0.01494935154914856,
            1.5034496784210205
          ],
          "roll": 0.0,
          "matrix_local": [
            [
              1.0,
              0.0,
              0.0,
              0.0
            ],
            [
              0.0,
              -0.28092971444129944,
              -0.9597283005714417,
              0.0459161102771759
            ],
            [
              0.0,
              0.9597314596176147,
              -0.28093117475509644,
              1.295516848564148
            ],
            [
              0.0,
              0.0,
              0.0,
              1.0
            ]
          ]
        },
        {
          "name": "clavicle.L",
          "use_connect": false,
          "parent": "spine01",
          "children": [
            "shoulder01.L"
          ],
          "head_local": [
            0.02312644012272358,
            -0.027168190106749535,
            1.4282991886138916
          ],
          "tail_local": [
            0.11009161174297333,
            -0.026509825140237808,
            1.442731499671936
          ],
          "roll": 0.0,
          "matrix_local": [
            [
              0.1632600575685501,
              0.9864799976348877,
              -0.014253851026296616,
              0.02312644012272358
            ],
            [
              -0.13167008757591248,
              0.007468085736036301,
              -0.9912653565406799,
              -0.027168195694684982
            ],
            [
              -0.9777605533599854,
              0.16371135413646698,
              0.1311090588569641,
              1.4282991886138916
            ],
            [
              0.0,
              0.0,
              0.0,
              1.0
            ]
          ]
        },
        {
          "name": "shoulder01.L",
          "use_connect": false,
          "parent": "clavicle.L",
          "children": [
            "upperarm01.L"
          ],
          "head_local": [
            0.11009161174297333,
            -0.026509825140237808,
            1.442731499671936
          ],
          "tail_local": [
            0.18797451257705688,
            -0.02135070227086544,
            1.3990005254745483
          ],
          "roll": 0.0,
          "matrix_local": [
            [
              -0.486569344997406,
              0.870498776435852,
              0.07403764128684998,
              0.11009160429239273
            ],
            [
              -0.048566143959760666,
              0.05766361951828003,
              -0.9971539974212646,
              -0.026509830728173256
            ],
            [
              -0.8722938895225525,
              -0.48878204822540283,
              0.014218918979167938,
              1.442731499671936
            ],
            [
              0.0,
              0.0,
              0.0,
              1.0
            ]
          ]
        },
        {
          "name": "upperarm01.L",
          "use_connect": false,
          "parent": "shoulder01.L",
          "children": [
            "upperarm02.L"
          ],
          "head_local": [
            0.18797451257705688,
            -0.02135070227086544,
            1.3990005254745483
          ],
          "tail_local": [
            0.23026148974895477,
            -0.022263508290052414,
            1.3425190448760986
          ],
          "roll": 0.0,
          "matrix_local": [
            [
              -0.796001672744751,
              0.5992783308029175,
              0.08512379229068756,
              0.1879744827747345
            ],
            [
              -0.1159478947520256,
              -0.012936007231473923,
              -0.9931710362434387,
              -0.021350709721446037
            ],
            [
              -0.5940870642662048,
              -0.800438642501831,
              0.0797818973660469,
              1.3990005254745483
            ],
            [
              0.0,
              0.0,
              0.0,
              1.0
            ]
          ]
        },
        {
          "name": "upperarm02.L",
          "use_connect": false,
          "parent": "upperarm01.L",
          "children": [
            "lowerarm01.L"
          ],
          "head_local": [
            0.23026148974895477,
            -0.022263508290052414,
            1.3425190448760986
          ],
          "tail_local": [
            0.35487130284309387,
            -0.019167181104421616,
            1.2075494527816772
          ],
          "roll": 0.0,
          "matrix_local": [
            [
              -0.7339251041412354,
              0.6782510280609131,
              0.036454156041145325,
              0.23026145994663239
            ],
            [
              -0.03405938297510147,
              0.016853302717208862,
              -0.999277651309967,
              -0.02226351574063301
            ],
            [
              -0.6783780455589294,
              -0.7346392273902893,
              0.010731227695941925,
              1.3425190448760986
            ],
            [
              0.0,
              0.0,
              0.0,
              1.0
            ]
          ]
        },
        {
          "name": "lowerarm01.L",
          "use_connect": false,
          "parent": "upperarm02.L",
          "children": [
            "lowerarm02.L"
          ],
          "head_local": [
            0.35487130284309387,
            -0.019167181104421616,
            1.2075494527816772
          ],
          "tail_local": [
            0.4224010109901428,
            -0.11396093666553497,
            1.145633578300476
          ],
          "roll": 0.0,
          "matrix_local": [
            [
              -0.680091917514801,
              0.5122408270835876,
              -0.5244841575622559,
              0.3548712730407715
            ],
            [
              -0.005652250722050667,
              -0.719049870967865,
              -0.6949354410171509,
              -0.019167188555002213
            ],
            [
              -0.7331073880195618,
              -0.4696575403213501,
              0.4919167160987854,
              1.2075494527816772
            ],
            [
              0.0,
              0.0,
              0.0,
              1.0
            ]
          ]
        },
        {
          "name": "lowerarm02.L",
          "use_connect": false,
          "parent": "lowerarm01.L",
          "children": [
            "wrist.L"
          ],
          "head_local": [
            0.4224010109901428,
            -0.11396093666553497,
            1.145633578300476
          ],
          "tail_local": [
            0.4876883924007416,
            -0.20652450621128082,
            1.0813181400299072
          ],
          "roll": 0.0,
          "matrix_local": [
            [
              -0.7233588695526123,
              0.501219630241394,
              -0.4749002456665039,
              0.42240098118782043
            ],
            [
              -0.030929934233427048,
              -0.7106223106384277,
              -0.7028935551643372,
              -0.11396093666553497
            ],
            [
              -0.6897813677787781,
              -0.49375781416893005,
              0.529539167881012,
              1.145633578300476
            ],
            [
              0.0,
              0.0,
              0.0,
              1.0
            ]
          ]
        },
        {
          "name": "wrist.L",
          "use_connect": false,
          "parent": "lowerarm02.L",
          "children": [
            "finger1-1.L",
            "metacarpal1.L",
            "metacarpal2.L",
            "metacarpal3.L",
            "metacarpal4.L",
            "left_finger1_grip"
          ],
          "head_local": [
            0.4876883924007416,
            -0.20652450621128082,
            1.0813181400299072
          ],
          "tail_local": [
            0.5003600120544434,
            -0.2366165667772293,
            1.0655076503753662
          ],
          "roll": 0.0,
          "matrix_local": [
            [
              -0.6808284521102905,
              0.349295049905777,
              -0.6437896490097046,
              0.4876883924007416
            ],
            [
              0.09488997608423233,
              -0.8294920325279236,
              -0.5503989458084106,
              -0.20652452111244202
            ],
            [
              -0.7262726426124573,
              -0.43581849336624146,
              0.531598687171936,
              1.0813181400299072
            ],
            [
              0.0,
              0.0,
              0.0,
              1.0
            ]
          ]
        },
        {
          "name": "finger1-1.L",
          "use_connect": false,
          "parent": "wrist.L",
          "children": [
            "finger1-2.L"
          ],
          "head_local": [
            0.4897622764110565,
            -0.2558812201023102,
            1.0752499103546143
          ],
          "tail_local": [
            0.4661467969417572,
            -0.27909421920776367,
            1.0662481784820557
          ],
          "roll": 0.0,
          "matrix_local": [
            [
              0.7055656909942627,
              -0.688183605670929,
              0.1690559685230255,
              0.4897622764110565
            ],
            [
              -0.7082131505012512,
              -0.6764549016952515,
              0.20209632813930511,
              -0.25588124990463257
            ],
            [
              -0.024721112102270126,
              -0.2623213529586792,
              -0.964667558670044,
              1.0752499103546143
            ],
            [
              0.0,
              0.0,
              0.0,
              1.0
            ]
          ]
        },
        {
          "name": "finger1-2.L",
          "use_connect": false,
          "parent": "finger1-1.L",
          "children": [
            "finger1-3.L"
          ],
          "head_local": [
            0.4661467969417572,
            -0.27909421920776367,
            1.0662481784820557
          ],
          "tail_local": [
            0.45190414786338806,
            -0.3145750164985657,
            1.052882194519043
          ],
          "roll": 0.0,
          "matrix_local": [
            [
              0.9324794411659241,
              -0.3516555428504944,
              0.0825834721326828,
              0.4661467969417572
            ],
            [
              -0.3588963449001312,
              -0.8760323524475098,
              0.3221193850040436,
              -0.27909424901008606
            ],
            [
              -0.04092959314584732,
              -0.33001044392585754,
              -0.9430933594703674,
              1.0662481784820557
            ],
            [
              0.0,
              0.0,
              0.0,
              1.0
            ]
          ]
        },
        {
          "name": "finger1-3.L",
          "use_connect": false,
          "parent": "finger1-2.L",
          "children": [],
          "head_local": [
            0.45190414786338806,
            -0.3145750164985657,
            1.052882194519043
          ],
          "tail_local": [
            0.44636139273643494,
            -0.33799511194229126,
            1.0341057777404785
          ],
          "roll": 0.0,
          "matrix_local": [
            [
              0.9155119061470032,
              -0.181581050157547,
              0.358978807926178,
              0.45190414786338806
            ],
            [
              -0.3602370321750641,
              -0.7672439217567444,
              0.5306280851364136,
              -0.31457504630088806
            ],
            [
              0.17907282710075378,
              -0.6151165962219238,
              -0.7678357362747192,
              1.052882194519043
            ],
            [
              0.0,
              0.0,
              0.0,
              1.0
            ]
          ]
        },
        {
          "name": "metacarpal1.L",
          "use_connect": false,
          "parent": "wrist.L",
          "children": [
            "finger2-1.L",
            "left_finger2_grip"
          ],
          "head_local": [
            0.5003600120544434,
            -0.2366165667772293,
            1.0655076503753662
          ],
          "tail_local": [
            0.5185336470603943,
            -0.3125400245189667,
            1.0410593748092651
          ],
          "roll": 0.0,
          "matrix_local": [
            [
              0.811730146408081,
              0.2221529483795166,
              -0.5401312708854675,
              0.5003600120544434
            ],
            [
              0.345846951007843,
              -0.928081750869751,
              0.1380375623703003,
              -0.2366165816783905
            ],
            [
              -0.47062188386917114,
              -0.29885363578796387,
              -0.8301857709884644,
              1.0655076503753662
            ],
            [
              0.0,
              0.0,
              0.0,
              1.0
            ]
          ]
        },
        {
          "name": "finger2-1.L",
          "use_connect": false,
          "parent": "metacarpal1.L",
          "children": [
            "finger2-2.L"
          ],
          "head_local": [
            0.5185336470603943,
            -0.3125400245189667,
            1.0410593748092651
          ],
          "tail_local": [
            0.5219343900680542,
            -0.33600276708602905,
            1.024870753288269
          ],
          "roll": 0.0,
          "matrix_local": [
            [
              0.7310327887535095,
              0.11846083402633667,
              -0.6719805002212524,
              0.5185336470603943
            ],
            [
              0.4561133086681366,
              -0.8172966837882996,
              0.35211774706840515,
              -0.31254005432128906
            ],
            [
              -0.5074966549873352,
              -0.5639113187789917,
              -0.651504397392273,
              1.0410593748092651
            ],
            [
              0.0,
              0.0,
              0.0,
              1.0
            ]
          ]
        },
        {
          "name": "finger2-2.L",
          "use_connect": false,
          "parent": "finger2-1.L",
          "children": [
            "finger2-3.L"
          ],
          "head_local": [
            0.5219343900680542,
            -0.33600276708602905,
            1.024870753288269
          ],
          "tail_local": [
            0.5213103294372559,
            -0.35511907935142517,
            1.0072853565216064
          ],
          "roll": 0.0,
          "matrix_local": [
            [
              0.7444731593132019,
              -0.02401893585920334,
              -0.6672199368476868,
              0.5219343900680542
            ],
            [
